2 0.2375 0.24453125 0.11171875 0.1171875
2 0.74296875 0.29296875 0.171875 0.2265625
2 0.5796875 0.3796875 0.18046875 0.28046875
2 0.3390625 0.4640625 0.0984375 0.165625
2 0.47890625 0.53515625 0.10234375 0.15703125
2 0.27734375 0.63046875 0.11328125 0.13984375
2 0.16640625 0.75234375 0.12578125 0.19609375
2 0.34921875 0.8265625 0.10078125 0.340625
2 0.22578125 0.83125 0.13046875 0.28515625
2 0.54375 0.8421875 0.2953125 0.31328125
2 0.8078125 0.8515625 0.171875 0.296875
2 0.69375 0.15546875 0.16484375 0.1734375
2 0.53359375 0.2078125 0.14140625 0.16171875